X = [16 2 3 13; 5 11 10 8; 9 7 6 12];

D = X.^2